world: 40956b00-137c-4523-a8ef-d9822ff6db0f
world-name: World
x: 551.1052087015304
y: 70.0
z: -111.77853769105239
yaw: -72.126953125
pitch: 9.137451171875
name: W1
lastowner: ab7ab625-de61-3421-93f7-55c234d11f03
